arch:
  name: RTX_4090
  freq_GHz: 2.52
  DRAM_byte_per_cycle: 400.0
  mac_per_cycle_key: MAC_per_cycle_fp16_tc
  MAC_per_cycle: 65536.0
  MAC_per_cycle_fp32_sm: 16384.0
  ridge_point: 163.84
workload:
  total_macs: 34359738368
  total_other_ops: 834678784
  total_flops: 68719476736
  bytes_per_element: 2
unfused:
  description: Each op in isolation, all tensors from DRAM
  memory_elements: 2017556512
  memory_bytes: 4035113024
  compute_tc_cycles: 524288
  compute_sm_cycles: 50944
  compute_cycles: 524288
  memory_cycles: 10087782
  total_cycles: 10087782
  runtime_ms: 4.003088317460318
  arithmetic_intensity: 8.515186108452362
  bottleneck: memory
fused:
  description: Per-op roofline, intermediate tensors excluded
  memory_elements: 1764169008
  memory_bytes: 3528338017
  compute_tc_cycles: 524288
  compute_sm_cycles: 50944
  compute_cycles: 524288
  memory_cycles: 8820845
  total_cycles: 8820845
  runtime_ms: 3.500335334514206
  arithmetic_intensity: 9.738221848529493
  bottleneck: memory
fused_prefetched:
  description: Single roofline for entire graph, perfect overlap
  memory_elements: 1764169008
  memory_bytes: 3528338017
  compute_tc_cycles: 524288
  compute_sm_cycles: 50944
  compute_cycles: 524288
  memory_cycles: 8820845
  total_cycles: 8820845
  runtime_ms: 3.500335334514206
  arithmetic_intensity: 9.738221848529493
  bottleneck: memory
memory_breakdown:
  weight_elements: 0
  weight_bytes: 0
  model_io_elements: 329271328
  model_io_bytes: 658542656
  intermediate_elements: 1688285184
  intermediate_bytes: 3376570368
cache:
  description: On-chip (L2/SRAM) capacity model for fused intermediate traffic. spilled_bytes
    is added to fused/fused_prefetched DRAM totals when the peak live working set
    exceeds capacity.
  capacity_aware: true
  sram_capacity_bytes: 75497472
  intermediate_peak_live_elements: 346036224
  intermediate_peak_live_bytes: 692072448
  intermediate_traffic_bytes: 3376570368
  fits_in_l2: false
  spill_fraction: 0.8909110278581701
  spilled_bytes: 3008223777
speedup:
  fused_vs_unfused: 1.1436299482477688
  fused_prefetched_vs_unfused: 1.1436299482477688
  fused_prefetched_vs_fused: 1.0
memory_reduction:
  fused_vs_unfused: 0.1255912793013454
  fused_prefetched_vs_unfused: 0.1255912793013454
