arch:
  name: RTX_4090
  freq_GHz: 2.52
  DRAM_byte_per_cycle: 400.0
  mac_per_cycle_key: MAC_per_cycle_fp16_tc
  MAC_per_cycle: 65536.0
  MAC_per_cycle_fp32_sm: 16384.0
  ridge_point: 163.84
workload:
  total_macs: 515396075520
  total_other_ops: 3439329280
  total_flops: 1030792151040
  bytes_per_element: 2
unfused:
  description: Each op in isolation, all tensors from DRAM
  memory_elements: 8932563712
  memory_bytes: 17865127424
  compute_tc_cycles: 7864320
  compute_sm_cycles: 209920
  compute_cycles: 7864320
  memory_cycles: 44662818
  total_cycles: 44662818
  runtime_ms: 17.7233406984127
  arithmetic_intensity: 28.849280684537256
  bottleneck: memory
fused:
  description: Per-op roofline, intermediate tensors excluded
  memory_elements: 8470928128
  memory_bytes: 16941856256
  compute_tc_cycles: 7864320
  compute_sm_cycles: 209920
  compute_cycles: 7864320
  memory_cycles: 42354640
  total_cycles: 42354640
  runtime_ms: 16.807397079365078
  arithmetic_intensity: 30.421464314895907
  bottleneck: memory
fused_prefetched:
  description: Single roofline for entire graph, perfect overlap
  memory_elements: 8470928128
  memory_bytes: 16941856256
  compute_tc_cycles: 7864320
  compute_sm_cycles: 209920
  compute_cycles: 7864320
  memory_cycles: 42354640
  total_cycles: 42354640
  runtime_ms: 16.807397079365078
  arithmetic_intensity: 30.421464314895907
  bottleneck: memory
memory_breakdown:
  weight_elements: 0
  weight_bytes: 0
  model_io_elements: 158079744
  model_io_bytes: 316159488
  intermediate_elements: 8774483968
  intermediate_bytes: 17548967936
cache:
  description: On-chip (L2/SRAM) capacity model for fused intermediate traffic. spilled_bytes
    is added to fused/fused_prefetched DRAM totals when the peak live working set
    exceeds capacity.
  capacity_aware: true
  sram_capacity_bytes: 75497472
  intermediate_peak_live_elements: 805306368
  intermediate_peak_live_bytes: 1610612736
  intermediate_traffic_bytes: 17548967936
  fits_in_l2: false
  spill_fraction: 0.953125
  spilled_bytes: 16726360064
speedup:
  fused_vs_unfused: 1.0544964585963255
  fused_prefetched_vs_unfused: 1.0544964585963255
  fused_prefetched_vs_fused: 1.0
memory_reduction:
  fused_vs_unfused: 0.05168007739814262
  fused_prefetched_vs_unfused: 0.05168007739814262
