arch:
  name: RTX_4090
  freq_GHz: 2.52
  DRAM_byte_per_cycle: 400.0
  mac_per_cycle_key: MAC_per_cycle_fp16_tc
  MAC_per_cycle: 65536.0
  MAC_per_cycle_fp32_sm: 16384.0
  ridge_point: 163.84
workload:
  total_macs: 120259084288
  total_other_ops: 481460224
  total_flops: 240518168576
  bytes_per_element: 2
unfused:
  description: Each op in isolation, all tensors from DRAM
  memory_elements: 1712816384
  memory_bytes: 3425632768
  compute_tc_cycles: 1835008
  compute_sm_cycles: 29386
  compute_cycles: 1835008
  memory_cycles: 8564081
  total_cycles: 8564081
  runtime_ms: 3.3984452063492063
  arithmetic_intensity: 35.10565563576487
  bottleneck: memory
fused:
  description: Per-op roofline, intermediate tensors excluded
  memory_elements: 1545630369
  memory_bytes: 3091260739
  compute_tc_cycles: 1835008
  compute_sm_cycles: 29386
  compute_cycles: 1835008
  memory_cycles: 7728151
  total_cycles: 7728151
  runtime_ms: 3.06672692452219
  arithmetic_intensity: 38.90292486009309
  bottleneck: memory
fused_prefetched:
  description: Single roofline for entire graph, perfect overlap
  memory_elements: 1545630369
  memory_bytes: 3091260739
  compute_tc_cycles: 1835008
  compute_sm_cycles: 29386
  compute_cycles: 1835008
  memory_cycles: 7728151
  total_cycles: 7728151
  runtime_ms: 3.06672692452219
  arithmetic_intensity: 38.90292486009309
  bottleneck: memory
memory_breakdown:
  weight_elements: 0
  weight_bytes: 0
  model_io_elements: 80740608
  model_io_bytes: 161481216
  intermediate_elements: 1632075776
  intermediate_bytes: 3264151552
cache:
  description: On-chip (L2/SRAM) capacity model for fused intermediate traffic. spilled_bytes
    is added to fused/fused_prefetched DRAM totals when the peak live working set
    exceeds capacity.
  capacity_aware: true
  sram_capacity_bytes: 75497472
  intermediate_peak_live_elements: 411041792
  intermediate_peak_live_bytes: 822083584
  intermediate_traffic_bytes: 3264151552
  fits_in_l2: false
  spill_fraction: 0.9081632653061225
  spilled_bytes: 2964382531
speedup:
  fused_vs_unfused: 1.1081668795400488
  fused_prefetched_vs_unfused: 1.1081668795400488
  fused_prefetched_vs_fused: 1.0
memory_reduction:
  fused_vs_unfused: 0.09760883630175288
  fused_prefetched_vs_unfused: 0.09760883630175288
