arch:
  name: RTX_4090
  freq_GHz: 2.52
  DRAM_byte_per_cycle: 400.0
  mac_per_cycle_key: MAC_per_cycle_fp16_tc
  MAC_per_cycle: 65536.0
  MAC_per_cycle_fp32_sm: 16384.0
  ridge_point: 163.84
workload:
  total_macs: 54760833024
  total_other_ops: 641728512
  total_flops: 109521666048
  bytes_per_element: 2
unfused:
  description: Each op in isolation, all tensors from DRAM
  memory_elements: 1788545280
  memory_bytes: 3577090560
  compute_tc_cycles: 835584
  compute_sm_cycles: 39168
  compute_cycles: 835584
  memory_cycles: 8942726
  total_cycles: 8942726
  runtime_ms: 3.5487009523809525
  arithmetic_intensity: 15.308763394572823
  bottleneck: memory
fused:
  description: Per-op roofline, intermediate tensors excluded
  memory_elements: 1628399127
  memory_bytes: 3256798254
  compute_tc_cycles: 835584
  compute_sm_cycles: 39168
  compute_cycles: 835584
  memory_cycles: 8141995
  total_cycles: 8141995
  runtime_ms: 3.2309506493506497
  arithmetic_intensity: 16.81431539321519
  bottleneck: memory
fused_prefetched:
  description: Single roofline for entire graph, perfect overlap
  memory_elements: 1628399127
  memory_bytes: 3256798254
  compute_tc_cycles: 835584
  compute_sm_cycles: 39168
  compute_cycles: 835584
  memory_cycles: 8141995
  total_cycles: 8141995
  runtime_ms: 3.2309506493506497
  arithmetic_intensity: 16.81431539321519
  bottleneck: memory
memory_breakdown:
  weight_elements: 0
  weight_bytes: 0
  model_io_elements: 26937600
  model_io_bytes: 53875200
  intermediate_elements: 1761607680
  intermediate_bytes: 3523215360
cache:
  description: On-chip (L2/SRAM) capacity model for fused intermediate traffic. spilled_bytes
    is added to fused/fused_prefetched DRAM totals when the peak live working set
    exceeds capacity.
  capacity_aware: true
  sram_capacity_bytes: 75497472
  intermediate_peak_live_elements: 415236096
  intermediate_peak_live_bytes: 830472192
  intermediate_traffic_bytes: 3523215360
  fits_in_l2: false
  spill_fraction: 0.9090909090909091
  spilled_bytes: 3202923054
speedup:
  fused_vs_unfused: 1.0983457618252894
  fused_prefetched_vs_unfused: 1.0983457618252894
  fused_prefetched_vs_fused: 1.0
memory_reduction:
  fused_vs_unfused: 0.08953989284927288
  fused_prefetched_vs_unfused: 0.08953989284927288
